SEC MEM SWAP CPU_SCRIPT MEM_SCRIPT
0 38929.8 9759.3 100.0 0.2
2 38768.1 9759.3 100.0 0.6
3 38612.8 9759.3 100.0 0.9
5 38456.8 9759.3 100.0 1.3
7 38304.7 9759.3 100.0 1.7
8 38147.5 9759.3 100.0 2.1
10 37994.4 9759.3 100.0 2.5
12 37843.6 9759.3 100.0 2.9
13 37696.6 9759.3 100.0 3.2
15 37546.5 9759.3 100.0 3.6
16 37395.2 9759.3 100.0 4.0
18 37237.9 9759.3 100.0 4.4
20 37080.4 9759.3 100.0 4.8
21 36926.6 9759.3 100.0 5.1
23 36769.9 9759.3 100.0 5.5
25 36612.9 9759.3 100.0 5.9
26 36455.0 9759.3 100.0 6.3
28 36301.7 9759.3 100.0 6.7
29 36152.2 9759.3 100.0 7.1
31 35996.0 9759.3 100.0 7.5
33 35835.2 9759.3 100.0 7.9
34 35690.1 9759.3 100.0 8.2
36 35531.2 9759.3 100.0 8.6
38 35370.9 9759.3 100.0 9.0
39 35219.8 9760.8 100.0 9.4
41 35064.4 9760.8 100.0 9.8
42 34910.1 9760.8 100.0 10.2
44 34752.6 9760.8 100.0 10.6
46 34594.9 9760.8 100.0 11.0
47 34442.0 9760.8 100.0 11.3
49 34287.8 9760.8 100.0 11.7
51 34132.1 9760.8 100.0 12.1
52 33976.7 9760.8 100.0 12.5
54 33823.9 9760.8 100.0 12.9
55 33665.8 9760.8 100.0 13.3
57 33506.5 9760.8 100.0 13.7
59 33349.5 9760.8 100.0 14.1
60 33196.9 9760.8 100.0 14.4
62 33038.0 9760.8 100.0 14.8
64 32878.9 9760.8 100.0 15.2
65 32725.2 9760.8 100.0 15.6
67 32573.1 9760.8 100.0 16.0
68 32417.9 9760.8 100.0 16.4
70 32261.9 9760.8 100.0 16.8
72 32112.5 9760.8 100.0 17.1
73 31964.1 9760.8 100.0 17.5
75 31813.8 9760.8 100.0 17.9
77 31663.9 9760.8 100.0 18.3
78 31512.8 9760.8 100.0 18.6
80 31365.9 9760.8 100.0 19.0
81 31219.0 9760.8 100.0 19.4
83 31080.4 9760.8 100.0 19.7
85 30937.0 9760.8 100.0 20.1
86 30788.5 9760.8 100.0 20.4
88 30657.2 9760.8 100.0 20.8
90 30506.1 9760.8 100.0 21.1
91 30362.0 9760.8 100.0 21.5
93 30211.1 9760.8 100.0 21.9
94 30057.6 9760.8 100.0 22.3
96 29907.4 9760.8 100.0 22.7
98 29749.5 9760.8 100.0 23.0
99 29595.2 9760.8 100.0 23.4
101 29440.9 9760.8 100.0 23.8
103 29284.9 9760.8 100.0 24.2
104 29132.6 9760.8 100.0 24.6
106 28979.2 9760.8 100.0 25.0
107 28824.0 9761.1 100.0 25.4
109 28669.5 9761.1 100.0 25.7
111 28516.1 9761.1 100.0 26.1
112 28365.2 9761.1 100.0 26.5
114 28221.6 9761.1 100.0 26.8
116 28070.4 9761.1 100.0 27.2
117 27911.3 9761.1 100.0 27.6
119 27761.6 9761.1 100.0 28.0
120 27607.6 9761.1 100.0 28.4
122 27457.7 9761.1 100.0 28.8
124 27297.5 9761.1 100.0 29.1
125 27143.0 9761.1 100.0 29.5
127 26991.9 9761.1 100.0 29.9
129 26835.9 9761.1 100.0 30.3
130 26683.1 9761.1 100.0 30.7
132 26532.5 9761.1 100.0 31.0
133 26382.1 9761.1 100.0 31.4
135 26233.5 9761.1 100.0 31.8
137 26079.2 9761.1 100.0 32.2
138 25921.0 9761.1 100.0 32.6
140 25770.8 9761.1 100.0 32.9
142 25613.9 9761.1 100.0 33.3
143 25459.6 9761.1 100.0 33.7
145 25306.8 9761.1 100.0 34.1
146 25153.8 9761.1 100.0 34.5
148 24995.5 9761.1 100.0 34.9
150 24845.5 9761.1 100.0 35.2
151 24698.3 9761.1 100.0 35.6
153 24541.5 9761.1 100.0 36.0
154 24385.8 9761.1 100.0 36.4
156 24232.2 9761.1 100.0 36.8
158 24079.6 9761.1 100.0 37.1
159 23928.5 9761.1 100.0 37.5
161 23767.9 9761.1 100.0 37.9
163 23613.1 9761.1 100.0 38.3
164 23460.3 9761.1 100.0 38.7
166 23307.2 9761.1 100.0 39.1
167 23154.4 9761.1 100.0 39.5
169 22996.2 9761.1 100.0 39.8
171 22839.7 9761.1 100.0 40.2
172 22682.9 9761.1 100.0 40.6
174 22527.4 9761.1 100.0 41.0
176 22373.9 9761.1 100.0 41.4
177 22220.7 9761.1 100.0 41.8
179 22064.1 9761.1 100.0 42.2
181 21909.0 9761.1 100.0 42.5
182 21749.1 9761.1 100.0 42.9
184 21593.3 9761.1 100.0 43.3
185 21436.3 9761.1 100.0 43.7
187 21279.3 9761.1 100.0 44.1
189 21124.3 9761.1 100.0 44.5
190 20968.6 9761.1 100.0 44.9
192 20818.2 9761.1 100.0 45.3
194 20665.9 9761.1 100.0 45.6
195 20508.4 9761.1 100.0 46.0
197 20351.4 9761.1 100.0 46.4
198 20192.9 9761.1 100.0 46.8
200 20043.1 9761.1 100.0 47.2
202 19884.5 9761.1 100.0 47.6
203 19729.6 9761.1 100.0 48.0
205 19579.0 9761.1 100.0 48.3
207 19423.7 9761.1 100.0 48.7
208 19268.7 9761.1 100.0 49.1
210 19109.9 9761.1 100.0 49.5
211 18956.4 9761.1 100.0 49.9
213 18806.8 9761.1 100.0 50.3
215 18648.3 9761.1 100.0 50.7
216 18491.2 9761.1 100.0 51.1
218 18336.6 9761.1 100.0 51.4
220 18183.7 9761.1 100.0 51.8
221 18031.7 9761.1 100.0 52.2
223 17876.7 9761.1 100.0 52.6
224 17722.4 9761.1 100.0 53.0
226 17565.1 9761.1 100.0 53.4
228 17412.8 9761.1 100.0 53.8
229 17256.0 9761.1 100.0 54.1
231 17107.2 9761.1 100.0 54.5
233 16953.3 9761.1 100.0 54.9
234 16798.8 9761.1 100.0 55.3
236 16643.4 9761.1 100.0 55.7
237 16488.8 9761.1 100.0 56.1
239 16330.1 9761.1 100.0 56.4
241 16173.7 9761.1 100.0 56.8
242 16021.6 9761.1 100.0 57.2
244 15864.3 9761.1 100.0 57.6
246 15710.6 9761.1 100.0 58.0
247 15555.2 9761.1 100.0 58.4
249 15404.6 9761.1 100.0 58.7
250 15249.6 9761.1 100.0 59.1
252 15100.2 9761.1 100.0 59.5
254 14949.8 9761.1 100.0 59.9
255 14794.1 9761.1 100.0 60.3
257 14638.6 9761.1 100.0 60.6
259 14489.5 9761.1 100.0 61.0
260 14337.2 9761.1 100.0 61.4
262 14184.8 9761.1 100.0 61.8
263 14029.1 9761.1 100.0 62.2
265 13870.4 9761.1 100.0 62.6
267 13714.4 9761.1 100.0 63.0
268 13561.1 9761.1 100.0 63.3
270 13408.7 9761.1 100.0 63.7
272 13251.0 9761.1 100.0 64.1
273 13097.3 9761.1 100.0 64.5
275 12944.6 9761.1 100.0 64.9
276 12786.0 9761.1 100.0 65.3
278 12636.4 9761.1 100.0 65.6
280 12481.8 9761.1 100.0 66.0
281 12324.7 9761.1 100.0 66.4
283 12171.0 9761.1 100.0 66.8
285 12014.8 9761.1 100.0 67.2
286 11857.2 9761.1 100.0 67.6
288 11700.8 9761.1 100.0 68.0
289 11546.0 9761.1 100.0 68.3
291 11390.5 9761.1 100.0 68.7
293 11235.7 9761.1 100.0 69.1
294 11079.0 9761.1 100.0 69.5
296 10923.5 9761.1 100.0 69.9
298 10768.0 9761.1 100.0 70.3
299 10613.9 9761.1 100.0 70.7
301 10462.1 9761.1 100.0 71.1
302 10303.1 9761.1 100.0 71.4
304 10148.3 9761.1 100.0 71.8
306 9989.9 9761.1 100.0 72.2
307 9834.3 9761.1 100.0 72.6
309 9677.8 9761.1 100.0 73.0
311 9520.8 9761.1 100.0 73.4
312 9364.6 9761.1 100.0 73.8
314 9212.5 9761.1 100.0 74.2
315 9055.3 9761.1 100.0 74.5
317 8905.4 9761.1 100.0 74.9
319 8749.4 9761.1 100.0 75.3
320 8593.6 9761.1 100.0 75.7
322 8441.3 9761.1 100.0 76.1
324 8284.1 9761.1 100.0 76.5
325 8125.8 9761.1 100.0 76.9
327 7969.6 9761.1 100.0 77.2
328 7815.0 9761.1 100.0 77.6
330 7662.8 9761.1 100.0 78.0
332 7508.9 9761.1 93.8 78.4
333 7351.8 9761.1 100.0 78.8
335 7203.3 9761.1 100.0 79.2
337 7058.1 9761.1 100.0 79.5
338 6906.0 9761.1 100.0 79.9
340 6747.9 9761.1 100.0 80.3
341 6595.4 9761.1 100.0 80.7
343 6437.4 9761.1 100.0 81.1
345 6289.8 9761.1 100.0 81.4
346 6137.2 9761.1 100.0 81.8
348 5980.0 9761.1 100.0 82.2
350 5823.2 9761.1 100.0 82.6
351 5670.0 9761.1 100.0 83.0
353 5517.9 9761.1 100.0 83.4
354 5359.9 9761.1 100.0 83.7
356 5209.2 9761.1 100.0 84.1
358 5053.6 9761.1 100.0 84.5
359 4899.0 9761.1 100.0 84.9
361 4754.1 9761.1 100.0 85.3
363 4599.8 9761.1 100.0 85.6
364 4441.8 9761.1 100.0 86.0
366 4290.5 9761.1 100.0 86.4
367 4133.3 9761.1 100.0 86.8
369 3971.3 9761.1 100.0 87.2
371 3813.2 9761.1 100.0 87.6
372 3658.6 9761.1 100.0 88.0
374 3502.3 9761.1 100.0 88.3
376 3343.1 9761.1 100.0 88.7
377 3187.2 9761.1 100.0 89.1
379 3038.2 9761.1 93.8 89.5
380 2881.4 9761.1 100.0 89.9
382 2725.1 9761.1 100.0 90.3
384 2570.3 9761.1 100.0 90.7
385 2414.8 9761.1 100.0 91.0
387 2263.0 9761.1 100.0 91.4
389 2109.8 9761.1 100.0 91.8
390 1954.2 9761.1 100.0 92.2
392 1797.8 9761.1 100.0 92.6
393 1644.2 9761.1 100.0 93.0
395 1489.4 9761.1 100.0 93.4
397 1329.2 9761.1 100.0 93.7
398 1177.0 9761.1 100.0 94.1
400 1022.2 9761.1 100.0 94.5
402 871.1 9761.1 100.0 94.9
403 716.4 9761.1 100.0 95.3
405 561.7 9761.1 100.0 95.7
407 404.9 9761.1 100.0 96.0
408 321.5 9748.1 100.0 96.4
410 304.6 9741.6 100.0 96.8
413 324.3 9381.8 100.0 95.7
417 350.3 8629.9 100.0 96.1
419 354.3 8629.9 100.0 96.5
420 357.5 8629.9 100.0 96.9
422 348.2 8629.9 100.0 97.3
424 355.9 8537.9 100.0 97.3
425 408.4 7761.9 100.0 95.7
427 400.3 7761.9 100.0 96.1
429 369.4 7761.9 100.0 96.5
430 377.3 7762.2 100.0 96.9
432 389.7 7762.2 100.0 97.2
433 411.8 7603.4 100.0 97.2
435 394.4 7481.4 100.0 97.1
437 448.5 6752.1 100.0 95.8
438 420.1 6752.1 100.0 96.2
440 368.9 6752.4 100.0 96.5
442 418.9 6753.1 100.0 96.9
443 396.2 6730.0 100.0 97.3
445 398.3 6603.7 100.0 97.2
446 459.1 6051.6 100.0 96.2
448 418.2 6051.6 100.0 96.6
450 428.3 6051.6 100.0 97.0
451 423.9 5899.5 100.0 97.0
453 427.2 5852.1 100.0 97.2
455 376.5 5393.5 40.0 96.1
456 437.9 5239.3 100.0 96.4
458 447.8 5239.6 100.0 96.8
460 443.7 5239.6 100.0 97.0
461 434.4 5093.3 100.0 97.1
463 471.9 4750.6 100.0 96.6
465 472.0 4750.6 100.0 97.0
466 471.6 4671.6 100.0 97.1
468 441.5 4508.8 100.0 97.1
469 457.3 4402.0 100.0 97.1
471 465.4 4240.4 100.0 97.0
473 481.1 4079.5 100.0 97.1
474 466.5 3931.4 100.0 97.0
476 458.1 3778.9 100.0 97.1
478 442.2 3618.3 100.0 97.1
479 456.8 3510.7 100.0 97.0
481 475.4 3333.9 100.0 97.0
482 470.3 3184.5 100.0 96.7
484 493.7 2910.5 100.0 96.8
486 447.0 2880.5 100.0 97.1
487 439.9 2730.7 100.0 97.1
489 473.8 2588.4 100.0 97.0
491 473.8 2442.6 100.0 97.0
492 451.8 2113.4 100.0 96.4
494 481.7 2043.0 100.0 96.8
495 459.0 1992.9 100.0 97.1
497 471.8 1859.6 100.0 97.0
499 504.8 1443.7 100.0 96.4
500 465.2 1443.7 100.0 96.8
502 484.3 1404.6 100.0 97.1
504 485.2 1257.1 100.0 97.0
505 431.4 961.2 20.0 96.4
507 512.9 751.0 100.0 96.4
508 520.6 751.0 100.0 96.8
510 507.5 660.7 100.0 96.9
512 511.5 554.9 100.0 96.9
513 563.7 349.7 100.0 96.8
515 449.9 50.3 100.0 96.4
517 502.9 50.3 100.0 96.8
518 490.1 0.0 100.0 97.0
520 481.2 0.0 22.2 97.2
522 443.7 0.0 17.6 97.3
524 394.3 0.0 17.6 97.4
527 354.0 0.0 33.3 97.5
530 319.4 9506.4 100.0 0.0
