SEC MEM SWAP CPU_SCRIPT MEM_SCRIPT CPU_SCRIPT_2 MEM_SCRIPT_2
0 39161.6 9542.2 100.0 0.2 100.0 0.3
2 38772.1 9542.2 100.0 0.7 100.0 0.7
5 38402.0 9542.2 100.0 1.1 100.0 1.2
7 38014.6 9542.2 100.0 1.6 100.0 1.7
9 37646.7 9542.2 100.0 2.1 100.0 2.1
11 37267.7 9542.2 100.0 2.5 100.0 2.6
13 36884.1 9542.2 100.0 3.0 100.0 3.1
15 36499.2 9542.2 100.0 3.5 100.0 3.6
17 36108.7 9542.2 100.0 4.0 100.0 4.1
19 35721.0 9542.4 100.0 4.5 100.0 4.5
21 35348.9 9542.4 100.0 4.9 100.0 5.0
23 34971.8 9542.4 100.0 5.4 100.0 5.5
25 34596.8 9542.4 100.0 5.8 100.0 5.9
27 34249.6 9542.4 100.0 6.3 100.0 6.4
29 33866.7 9542.4 100.0 6.8 100.0 6.9
32 33471.2 9542.4 100.0 7.3 100.0 7.4
34 33079.7 9542.4 100.0 7.7 100.0 7.8
36 32704.5 9542.4 100.0 8.2 100.0 8.3
38 32326.0 9542.4 100.0 8.7 100.0 8.8
40 31941.8 9542.4 100.0 9.1 100.0 9.3
42 31552.8 9542.4 100.0 9.6 100.0 9.8
44 31165.9 9542.4 100.0 10.1 100.0 10.2
46 30774.9 9542.4 100.0 10.6 100.0 10.7
48 30386.6 9542.4 100.0 11.1 100.0 11.2
50 30002.2 9542.4 100.0 11.6 100.0 11.7
52 29655.7 9542.4 100.0 12.0 100.0 12.1
54 29265.4 9542.4 100.0 12.5 100.0 12.6
56 28879.1 9542.4 100.0 12.9 100.0 13.1
59 28493.0 9542.4 100.0 13.4 100.0 13.6
61 28106.4 9542.4 100.0 13.9 100.0 14.0
63 27726.6 9542.4 100.0 14.4 100.0 14.5
65 27336.1 9542.4 100.0 14.9 100.0 15.0
67 26956.9 9542.4 100.0 15.3 100.0 15.5
69 26580.4 9542.4 100.0 15.8 100.0 16.0
71 26194.4 9542.4 100.0 16.3 100.0 16.4
73 25839.9 9542.4 100.0 16.7 100.0 16.9
75 25456.5 9542.4 100.0 17.2 100.0 17.4
77 25080.2 9542.4 100.0 17.7 100.0 17.8
79 24695.3 9542.4 100.0 18.2 100.0 18.3
81 24317.8 9542.4 100.0 18.6 100.0 18.8
84 23932.9 9542.4 100.0 19.1 100.0 19.3
86 23543.8 9542.4 100.0 19.6 100.0 19.7
88 23155.0 9542.4 100.0 20.1 100.0 20.2
90 22774.6 9542.4 100.0 20.5 100.0 20.7
92 22386.5 9542.4 100.0 21.0 100.0 21.2
94 22000.4 9542.4 100.0 21.5 100.0 21.6
96 21642.4 9542.4 100.0 21.9 100.0 22.1
98 21294.6 9542.4 100.0 22.4 100.0 22.5
100 20911.3 9542.4 100.0 22.9 100.0 23.0
102 20528.0 9542.4 100.0 23.3 100.0 23.5
104 20153.9 9542.4 100.0 23.8 100.0 24.0
106 19772.7 9542.4 100.0 24.3 100.0 24.4
108 19398.8 9542.4 100.0 24.7 100.0 24.9
111 19077.2 9542.4 100.0 25.1 100.0 25.3
113 18696.6 9542.4 100.0 25.6 100.0 25.8
115 18308.2 9542.4 100.0 26.1 100.0 26.3
117 17923.1 9542.4 100.0 26.6 100.0 26.8
119 17537.0 9542.4 100.0 27.1 100.0 27.2
121 17174.3 9542.4 100.0 27.5 100.0 27.7
123 16784.4 9542.4 100.0 28.0 100.0 28.2
125 16400.8 9542.4 100.0 28.5 100.0 28.6
127 16015.5 9542.4 100.0 29.0 100.0 29.1
129 15627.6 9542.4 100.0 29.4 100.0 29.6
131 15240.2 9542.4 100.0 29.9 100.0 30.1
133 14856.9 9542.4 100.0 30.4 100.0 30.6
135 14461.6 9542.4 100.0 30.9 100.0 31.1
138 14075.5 9542.4 100.0 31.4 100.0 31.5
140 13686.9 9542.4 100.0 31.8 100.0 32.0
142 13304.0 9542.4 100.0 32.3 100.0 32.5
144 12924.0 9542.4 100.0 32.8 100.0 33.0
146 12538.5 9542.4 100.0 33.3 100.0 33.4
148 12152.1 9542.4 100.0 33.7 100.0 33.9
150 11764.5 9542.4 100.0 34.2 100.0 34.4
152 11381.4 9542.4 100.0 34.7 100.0 34.9
154 10993.0 9542.4 100.0 35.2 100.0 35.4
156 10606.4 9542.4 100.0 35.7 100.0 35.9
158 10222.1 9542.4 100.0 36.1 100.0 36.3
160 9869.4 9542.4 100.0 36.6 100.0 36.8
162 9478.9 9542.4 100.0 37.1 100.0 37.3
165 9091.3 9542.4 100.0 37.5 100.0 37.7
167 8706.4 9542.4 100.0 38.0 100.0 38.2
169 8325.7 9542.4 100.0 38.5 100.0 38.7
171 7948.9 9542.4 100.0 39.0 100.0 39.2
173 7564.3 9542.4 100.0 39.4 100.0 39.6
175 7181.2 9542.4 100.0 39.9 100.0 40.1
177 6798.0 9542.4 100.0 40.4 100.0 40.6
179 6416.1 9542.4 100.0 40.9 100.0 41.1
181 6026.6 9542.4 100.0 41.4 100.0 41.6
183 5643.9 9542.4 100.0 41.8 100.0 42.0
185 5261.0 9542.4 100.0 42.3 100.0 42.5
187 4896.8 9542.4 100.0 42.8 100.0 43.0
190 4514.3 9542.4 100.0 43.3 100.0 43.5
192 4121.8 9542.4 100.0 43.7 100.0 43.9
194 3760.8 9542.4 100.0 44.2 100.0 44.4
196 3373.5 9542.4 100.0 44.7 100.0 44.9
198 3010.6 9542.4 100.0 45.1 100.0 45.3
200 2658.7 9542.4 100.0 45.5 100.0 45.8
202 2267.5 9542.4 100.0 46.0 100.0 46.2
204 1879.6 9542.4 100.0 46.5 100.0 46.7
206 1512.0 9542.4 100.0 47.0 100.0 47.2
208 1137.3 9542.4 100.0 47.4 100.0 47.7
210 748.5 9542.4 100.0 47.9 100.0 48.1
212 369.5 9579.1 100.0 48.4 100.0 48.6
218 400.2 9204.5 100.0 48.6 100.0 48.8
220 414.3 8608.3 100.0 48.3 100.0 48.5
222 376.9 8299.1 100.0 48.2 100.0 48.4
225 424.3 8007.5 100.0 48.6 100.0 48.7
227 445.4 7470.5 100.0 48.3 100.0 48.6
229 403.4 7148.1 100.0 48.3 100.0 48.5
233 481.4 6631.7 100.0 48.4 100.0 48.6
235 557.5 6161.3 100.0 48.2 100.0 48.4
238 448.0 5804.2 93.3 48.2 100.0 48.5
241 537.1 5502.3 93.3 48.3 100.0 48.5
243 567.6 5219.8 100.0 48.3 100.0 48.6
245 549.9 4963.6 100.0 48.4 100.0 48.6
247 558.5 4622.8 100.0 48.4 100.0 48.6
250 544.7 4256.9 100.0 48.4 100.0 48.6
252 483.0 3749.2 100.0 48.0 100.0 48.2
254 545.2 3625.8 100.0 48.4 100.0 48.6
256 490.7 3181.0 100.0 48.2 100.0 48.5
258 553.0 2932.3 100.0 48.4 100.0 48.6
260 547.7 2586.6 100.0 48.4 100.0 48.5
262 534.4 2160.7 100.0 48.4 100.0 48.5
264 554.5 1832.9 100.0 48.3 100.0 48.4
266 569.6 1488.1 100.0 48.4 100.0 48.6
268 541.3 989.4 100.0 48.2 100.0 48.5
270 562.8 788.1 100.0 48.3 100.0 48.6
273 504.8 418.9 93.3 48.2 93.3 48.5
276 581.6 5.0 100.0 48.3 100.0 48.6
278 502.5 0.0 35.3 48.6 0.0 48.8
282 351.7 0.0 29.2 48.7
289 19760.5 4731.6 100.0 49.1
291 19582.5 4731.6 100.0 49.5
293 19307.2 4731.6 100.0 50.0
295 19046.6 4731.6 100.0 50.5
297 18851.2 4731.6 100.0 51.0
299 18775.4 4731.6 100.0 51.5
301 18457.3 4731.6 100.0 52.0
303 18389.1 4731.6 100.0 52.5
306 18182.7 4731.6 100.0 53.0
308 17979.4 4731.6 100.0 53.5
310 17771.6 4731.6 100.0 54.0
312 17565.5 4731.6 100.0 54.5
314 17357.8 4731.6 100.0 55.0
316 17149.4 4731.8 100.0 55.5
318 16931.6 4751.1 100.0 56.0
320 16718.5 4751.1 100.0 56.5
322 16514.3 4751.1 100.0 57.0
324 16311.4 4751.3 100.0 57.5
326 16105.3 4751.8 100.0 58.1
329 15899.5 4751.8 100.0 58.6
331 15696.6 4752.1 100.0 59.1
333 15492.8 4752.3 100.0 59.6
335 15286.0 4752.3 100.0 60.1
337 15083.4 4752.6 100.0 60.6
339 14877.6 4752.8 100.0 61.1
341 14666.7 4753.1 100.0 61.6
343 14471.1 4753.1 100.0 62.1
345 14265.8 4753.1 100.0 62.6
347 14058.4 4753.1 100.0 63.1
349 13854.1 4753.1 100.0 63.6
352 13654.0 4753.1 100.0 64.1
354 13447.9 4753.1 100.0 64.7
356 13242.8 4753.1 100.0 65.2
358 13040.4 4753.1 100.0 65.7
360 12833.6 4753.1 100.0 66.2
362 12628.9 4753.1 100.0 66.7
364 12428.5 4753.3 100.0 67.2
366 12220.6 4753.3 100.0 67.7
368 12023.2 4753.3 100.0 68.2
370 11810.6 4753.3 100.0 68.7
372 11605.6 4753.3 100.0 69.2
375 11396.1 4765.3 100.0 69.7
377 11188.5 4765.3 100.0 70.3
379 10979.8 4765.3 100.0 70.8
381 10769.7 4765.3 100.0 71.3
383 10569.4 4765.3 100.0 71.8
385 10361.7 4765.3 100.0 72.3
387 10165.2 4765.3 100.0 72.8
389 9960.2 4765.3 100.0 73.3
391 9757.3 4765.3 100.0 73.8
393 9552.8 4765.3 100.0 74.3
395 9350.0 4765.3 100.0 74.8
398 9142.3 4765.6 100.0 75.3
400 8944.0 4765.6 100.0 75.8
402 8736.1 4765.6 100.0 76.3
404 8535.3 4765.6 100.0 76.8
406 8330.8 4765.6 100.0 77.3
408 8134.6 4765.6 100.0 77.8
410 7928.7 4765.6 100.0 78.4
412 7724.2 4765.6 100.0 78.9
414 7517.0 4765.6 100.0 79.4
416 7314.0 4765.6 100.0 79.9
418 7107.2 4765.6 100.0 80.4
421 6901.5 4765.6 100.0 80.9
423 6693.1 4765.6 100.0 81.4
425 6492.8 4765.6 100.0 81.9
427 6289.1 4765.6 100.0 82.4
429 6087.8 4765.6 100.0 82.9
431 5885.8 4765.6 100.0 83.4
433 5681.3 4765.6 100.0 84.0
435 5473.0 4765.6 100.0 84.5
437 5268.7 4765.6 100.0 85.0
439 5071.6 4765.6 100.0 85.5
441 4871.8 4765.6 100.0 86.0
444 4669.2 4765.6 100.0 86.5
446 4468.2 4765.6 100.0 87.0
448 4262.7 4765.6 100.0 87.5
450 4059.7 4765.8 100.0 88.0
452 3856.2 4765.8 100.0 88.5
454 3655.0 4766.1 100.0 89.0
456 3450.9 4766.1 100.0 89.5
458 3248.4 4766.1 100.0 90.0
460 3045.6 4766.1 100.0 90.5
462 2847.3 4766.1 100.0 91.0
464 2642.2 4766.3 100.0 91.5
467 2437.4 4766.3 100.0 92.0
469 2237.9 4766.3 100.0 92.5
471 2022.5 4766.3 100.0 93.0
473 1814.2 4766.3 100.0 93.5
475 1610.8 4766.3 100.0 94.1
477 1409.7 4766.3 100.0 94.6
479 1204.6 4766.3 100.0 95.1
481 1001.4 4766.3 100.0 95.6
483 795.2 4766.3 100.0 96.1
485 592.5 4766.3 100.0 96.6
487 389.5 4766.3 100.0 97.1
490 376.2 4639.4 100.0 97.2
492 338.4 4424.1 100.0 97.1
494 361.2 4276.9 100.0 97.2
496 386.2 4062.9 100.0 97.2
498 332.6 3855.9 100.0 97.1
500 306.7 3652.7 100.0 97.2
502 352.7 3513.5 100.0 97.2
504 369.4 3261.2 100.0 97.1
507 371.0 3121.1 100.0 97.2
509 375.0 2935.0 100.0 97.1
511 378.4 2746.0 100.0 97.2
513 336.3 2536.0 100.0 97.1
515 380.2 2372.8 100.0 97.2
517 371.1 2188.6 100.0 97.2
519 374.4 1973.8 100.0 97.1
521 423.3 1722.3 100.0 97.0
523 344.7 1659.9 100.0 97.2
525 383.0 1340.1 100.0 96.9
527 350.5 1218.9 100.0 97.1
529 365.1 1079.0 100.0 97.2
532 343.5 847.6 100.0 97.2
534 349.9 718.6 100.0 97.1
536 355.8 447.2 100.0 96.9
538 374.5 317.2 100.0 97.2
540 429.6 79.8 100.0 97.1
542 366.3 0.0 22.2 97.3
545 302.8 0.0 43.8 97.5
555 39464.9 9575.7
[31815.475563] [  99755]  1000 99755 12478792  9982468 100061184  2495183             0 mem.bash
[31815.475566] oom-kill:constraint=CONSTRAINT_NONE,nodemask=(null),cpuset=/,mems_allowed=0,global_oom,task_memcg=/,task=mem.bash,pid=99755,uid=1000
[31815.475577] Out of memory: Killed process 99755 (mem.bash) total-vm:49915168kB, anon-rss:39929872kB, file-rss:0kB, shmem-rss:0kB, UID:1000 pgtables:97716kB oom_score_adj:0
[36524.507763] [ 114840]  1000 114840 12465757 10011433 99954688  2453185             0 mem.bash
[36524.507778] oom-kill:constraint=CONSTRAINT_NONE,nodemask=(null),cpuset=/,mems_allowed=0,global_oom,task_memcg=/,task=mem.bash,pid=114840,uid=1000
[36524.507793] Out of memory: Killed process 114840 (mem.bash) total-vm:49863028kB, anon-rss:40045732kB, file-rss:0kB, shmem-rss:0kB, UID:1000 pgtables:97612kB oom_score_adj:0
[39957.340118] [ 132688]  1000 132688  6220507  5000886 49901568  1218474             0 mem.bash
[39957.340120] [ 132689]  1000 132689  6250141  5024375 50135040  1224630             0 mem2.bash
[39957.340129] oom-kill:constraint=CONSTRAINT_NONE,nodemask=(null),cpuset=/,mems_allowed=0,global_oom,task_memcg=/,task=mem2.bash,pid=132689,uid=1000
[39957.340140] Out of memory: Killed process 132689 (mem2.bash) total-vm:25000564kB, anon-rss:20097500kB, file-rss:0kB, shmem-rss:0kB, UID:1000 pgtables:48960kB oom_score_adj:0
[40223.606299] [ 132688]  1000 132688 12463744 10009943 99942400  2452667             0 mem.bash
[40223.606311] oom-kill:constraint=CONSTRAINT_NONE,nodemask=(null),cpuset=/,mems_allowed=0,global_oom,task_memcg=/,task=mem.bash,pid=132688,uid=1000
[40223.606324] Out of memory: Killed process 132688 (mem.bash) total-vm:49854976kB, anon-rss:40039772kB, file-rss:0kB, shmem-rss:0kB, UID:1000 pgtables:97600kB oom_score_adj:0
